1757926070726 3.5065303802490235 10
1757926076693 3.047883129119873 20
1757926082680 2.009556972980499 30
1757926088664 1.212510347366333 40
1757926094542 1.01792009472847 50
1757926100231 0.9954940557479859 60
1757926106129 0.9465664029121399 70
1757926111968 0.9171562254428863 80
1757926117761 0.921340799331665 90
1757926123579 0.8974374532699585 100
1757926129346 0.8781463265419006 110
1757926134926 0.8859818041324615 120
1757926140326 0.8758339643478393 130
1757926145992 0.8796902477741242 140
1757926151358 0.87139812707901 150
1757926156835 0.8672251760959625 160
1757926162196 0.867802357673645 170
1757926167542 0.8725040853023529 180
1757926172817 0.8776485741138458 190
1757926178262 0.8454359292984008 200
1757926183842 0.8435958385467529 210
1757926189266 0.8313111960887909 220
1757926194716 0.8451482474803924 230
1757926200119 0.8422449588775635 240
1757926205520 0.8335619091987609 250
1757926211123 0.8208627820014953 260
1757926216673 0.8315763533115387 270
1757926222299 0.8482015550136566 280
1757926227666 0.8271393001079559 290
1757926233095 0.8313698828220367 300
1757926238648 0.8289605855941773 310
1757926244356 0.8169707775115966 320
1757926250045 0.8096811234951019 330
1757926255664 0.8082955062389374 340
1757926261403 0.8030027270317077 350
1757926267196 0.7805568873882294 360
1757926273092 0.7487896740436554 370
1757926279430 0.7672806024551392 380
1757926284946 0.7616986691951751 390
1757926290364 0.7561660170555115 400
1757926295780 0.744307416677475 410
1757926301221 0.7620230793952942 420
1757926306649 0.7440309584140777 430
1757926312202 0.7505581140518188 440
1757926317625 0.7487519443035126 450
1757926323096 0.7483616471290588 460
1757926328647 0.7533644914627076 470
1757926334395 0.7543008923530579 480
1757926340018 0.7498361527919769 490
1757926344868 0.7546193480491639 495
