1757926070726 0.10101010101010101 10
1757926076693 0.20202020202020202 20
1757926082680 0.30303030303030304 30
1757926088664 0.40404040404040403 40
1757926094542 0.5050505050505051 50
1757926100231 0.6060606060606061 60
1757926106129 0.7070707070707071 70
1757926111968 0.8080808080808081 80
1757926117761 0.9090909090909091 90
1757926123579 1.0101010101010102 100
1757926129346 1.1111111111111112 110
1757926134926 1.2121212121212122 120
1757926140326 1.3131313131313131 130
1757926145992 1.4141414141414141 140
1757926151358 1.5151515151515151 150
1757926156835 1.6161616161616161 160
1757926162196 1.7171717171717171 170
1757926167542 1.8181818181818183 180
1757926172817 1.9191919191919191 190
1757926178262 2.0202020202020203 200
1757926183842 2.121212121212121 210
1757926189266 2.2222222222222223 220
1757926194716 2.323232323232323 230
1757926200119 2.4242424242424243 240
1757926205520 2.525252525252525 250
1757926211123 2.6262626262626263 260
1757926216673 2.7272727272727275 270
1757926222299 2.8282828282828283 280
1757926227666 2.929292929292929 290
1757926233095 3.0303030303030303 300
1757926238648 3.1313131313131315 310
1757926244356 3.2323232323232323 320
1757926250045 3.3333333333333335 330
1757926255664 3.4343434343434343 340
1757926261403 3.5353535353535355 350
1757926267196 3.6363636363636362 360
1757926273092 3.7373737373737375 370
1757926279430 3.8383838383838382 380
1757926284946 3.9393939393939394 390
1757926290364 4.040404040404041 400
1757926295780 4.141414141414141 410
1757926301221 4.242424242424242 420
1757926306649 4.343434343434343 430
1757926312202 4.444444444444445 440
1757926317625 4.545454545454545 450
1757926323096 4.646464646464646 460
1757926328647 4.747474747474747 470
1757926334395 4.848484848484849 480
1757926340018 4.94949494949495 490
1757926344868 5.0 495
