1757926070726 3.9274139404296875 10
1757926076693 4.734947204589844 20
1757926082680 5.175201416015625 30
1757926088664 3.295276165008545 40
1757926094542 2.0061051845550537 50
1757926100231 1.0905557870864868 60
1757926106129 1.2448350191116333 70
1757926111968 1.1174962520599365 80
1757926117761 1.4066162109375 90
1757926123579 1.2513411045074463 100
1757926129346 1.1342933177947998 110
1757926134926 1.3397011756896973 120
1757926140326 1.376518964767456 130
1757926145992 1.2450811862945557 140
1757926151358 1.1893564462661743 150
1757926156835 1.4151806831359863 160
1757926162196 1.3409768342971802 170
1757926167542 1.3048529624938965 180
1757926172817 1.1923075914382935 190
1757926178262 1.3184109926223755 200
1757926183842 1.8115019798278809 210
1757926189266 1.3648872375488281 220
1757926194716 1.437900185585022 230
1757926200119 1.3100385665893555 240
1757926205520 1.2171435356140137 250
1757926211123 1.2832698822021484 260
1757926216673 1.3047001361846924 270
1757926222299 1.2972159385681152 280
1757926227666 1.322767972946167 290
1757926233095 1.4285132884979248 300
1757926238648 1.31681227684021 310
1757926244356 1.5527976751327515 320
1757926250045 1.6384830474853516 330
1757926255664 1.679397702217102 340
1757926261403 1.7997992038726807 350
1757926267196 1.3458350896835327 360
1757926273092 1.9966397285461426 370
1757926279430 1.5030436515808105 380
1757926284946 1.4908548593521118 390
1757926290364 1.3452491760253906 400
1757926295780 1.462317705154419 410
1757926301221 1.355959177017212 420
1757926306649 1.7134660482406616 430
1757926312202 1.4138524532318115 440
1757926317625 1.441086769104004 450
1757926323096 1.4113465547561646 460
1757926328647 1.465909481048584 470
1757926334395 1.5495506525039673 480
1757926340018 1.5726706981658936 490
