1757926070726 1.963636363636364e-05 10
1757926076693 1.9232323232323233e-05 20
1757926082680 1.8828282828282827e-05 30
1757926088664 1.8424242424242425e-05 40
1757926094542 1.8020202020202023e-05 50
1757926100231 1.7616161616161618e-05 60
1757926106129 1.7212121212121212e-05 70
1757926111968 1.680808080808081e-05 80
1757926117761 1.6404040404040405e-05 90
1757926123579 1.6000000000000003e-05 100
1757926129346 1.5595959595959597e-05 110
1757926134926 1.5191919191919193e-05 120
1757926140326 1.478787878787879e-05 130
1757926145992 1.4383838383838384e-05 140
1757926151358 1.397979797979798e-05 150
1757926156835 1.3575757575757578e-05 160
1757926162196 1.3171717171717173e-05 170
1757926167542 1.2767676767676769e-05 180
1757926172817 1.2363636363636364e-05 190
1757926178262 1.195959595959596e-05 200
1757926183842 1.1555555555555556e-05 210
1757926189266 1.1151515151515154e-05 220
1757926194716 1.0747474747474748e-05 230
1757926200119 1.0343434343434345e-05 240
1757926205520 9.939393939393939e-06 250
1757926211123 9.535353535353537e-06 260
1757926216673 9.131313131313132e-06 270
1757926222299 8.727272727272728e-06 280
1757926227666 8.323232323232324e-06 290
1757926233095 7.91919191919192e-06 300
1757926238648 7.515151515151516e-06 310
1757926244356 7.111111111111112e-06 320
1757926250045 6.707070707070707e-06 330
1757926255664 6.303030303030303e-06 340
1757926261403 5.8989898989899e-06 350
1757926267196 5.494949494949495e-06 360
1757926273092 5.090909090909091e-06 370
1757926279430 4.6868686868686874e-06 380
1757926284946 4.282828282828283e-06 390
1757926290364 3.878787878787879e-06 400
1757926295780 3.4747474747474752e-06 410
1757926301221 3.0707070707070706e-06 420
1757926306649 2.666666666666667e-06 430
1757926312202 2.262626262626263e-06 440
1757926317625 1.8585858585858588e-06 450
1757926323096 1.4545454545454546e-06 460
1757926328647 1.0505050505050506e-06 470
1757926334395 6.464646464646465e-07 480
1757926340018 2.4242424242424244e-07 490
