1757926070726 3.8318 10
1757926076693 2.8067 20
1757926082680 1.814 30
1757926088664 1.212 40
1757926094542 1.1077 50
1757926100231 1.0332 60
1757926106129 0.9988 70
1757926111968 0.969 80
1757926117761 0.9388 90
1757926123579 0.9143 100
1757926129346 0.8881 110
1757926134926 0.8748 120
1757926140326 0.8641 130
1757926145992 0.8553 140
1757926151358 0.8433 150
1757926156835 0.8491 160
1757926162196 0.8404 170
1757926167542 0.8533 180
1757926172817 0.8328 190
1757926178262 0.8238 200
1757926183842 0.7958 210
1757926189266 0.8065 220
1757926194716 0.8049 230
1757926200119 0.7972 240
1757926205520 0.7968 250
1757926211123 0.7899 260
1757926216673 0.7857 270
1757926222299 0.7901 280
1757926227666 0.7828 290
1757926233095 0.7841 300
1757926238648 0.757 310
1757926244356 0.7567 320
1757926250045 0.7547 330
1757926255664 0.7476 340
1757926261403 0.737 350
1757926267196 0.7257 360
1757926273092 0.7311 370
1757926279430 0.7193 380
1757926284946 0.7131 390
1757926290364 0.7261 400
1757926295780 0.7023 410
1757926301221 0.7105 420
1757926306649 0.7212 430
1757926312202 0.6998 440
1757926317625 0.7068 450
1757926323096 0.6945 460
1757926328647 0.7096 470
1757926334395 0.7072 480
1757926340018 0.7006 490
1757926347887 3.8318 10
1757926349155 2.8067 20
1757926350499 1.814 30
1757926351886 1.212 40
1757926353081 1.1077 50
1757926354272 1.0332 60
1757926355528 0.9988 70
1757926356723 0.969 80
1757926358085 0.9388 90
1757926359478 0.9143 100
1757926360741 0.8881 110
1757926361983 0.8748 120
1757926363267 0.8641 130
1757926364890 0.8553 140
1757926366182 0.8433 150
1757926367632 0.8491 160
1757926369140 0.8404 170
1757926370377 0.8533 180
1757926371587 0.8328 190
1757926372696 0.8238 200
1757926373928 0.7958 210
1757926375166 0.8065 220
1757926376385 0.8049 230
1757926377879 0.7972 240
1757926379597 0.7968 250
1757926381175 0.7899 260
1757926382627 0.7857 270
1757926384236 0.7901 280
1757926386031 0.7828 290
1757926387734 0.7841 300
1757926389490 0.757 310
1757926391348 0.7567 320
1757926392982 0.7547 330
1757926394658 0.7476 340
1757926396241 0.737 350
1757926397561 0.7257 360
1757926399176 0.7311 370
1757926400733 0.7193 380
1757926402291 0.7131 390
1757926403869 0.7261 400
1757926405434 0.7023 410
1757926406869 0.7105 420
1757926408496 0.7212 430
1757926410171 0.6998 440
1757926411957 0.7068 450
1757926413573 0.6945 460
1757926415132 0.7096 470
1757926416867 0.7072 480
1757926418437 0.7006 490
