1757926070726 0.4106390982866287 10
1757926076693 0.5347882002592087 20
1757926082680 0.7004742324352264 30
1757926088664 0.828449296951294 40
1757926094542 0.8382737517356873 50
1757926100231 0.8436440050601959 60
1757926106129 0.8451546847820282 70
1757926111968 0.8473591268062591 80
1757926117761 0.8487662971019745 90
1757926123579 0.8501571476459503 100
1757926129346 0.8522181212902069 110
1757926134926 0.8520730316638947 120
1757926140326 0.8524192750453949 130
1757926145992 0.8563161313533783 140
1757926151358 0.8542190372943879 150
1757926156835 0.8543978691101074 160
1757926162196 0.8540387988090515 170
1757926167542 0.8520475924015045 180
1757926172817 0.8549887955188751 190
1757926178262 0.8541142523288727 200
1757926183842 0.859158319234848 210
1757926189266 0.8583937227725983 220
1757926194716 0.8574979484081269 230
1757926200119 0.8572689414024353 240
1757926205520 0.8572262287139892 250
1757926211123 0.8609385430812836 260
1757926216673 0.8611567735671997 270
1757926222299 0.8601128458976746 280
1757926227666 0.8610285222530365 290
1757926233095 0.8606240272521972 300
1757926238648 0.8637121200561524 310
1757926244356 0.8619237303733825 320
1757926250045 0.8625122964382171 330
1757926255664 0.8670468688011169 340
1757926261403 0.8689369082450866 350
1757926267196 0.8682166397571563 360
1757926273092 0.8689179360866547 370
1757926279430 0.8699393332004547 380
1757926284946 0.8692095816135407 390
1757926290364 0.8679933190345764 400
1757926295780 0.8713254451751709 410
1757926301221 0.8704779028892518 420
1757926306649 0.8696752667427063 430
1757926312202 0.8728500783443451 440
1757926317625 0.8712612688541412 450
1757926323096 0.8709299862384796 460
1757926328647 0.8687814474105835 470
1757926334395 0.8719570338726044 480
1757926340018 0.8738812506198883 490
1757926344868 0.8709481954574585 495
