1757926070726 13997.0 10
1757926076693 27967.0 20
1757926082680 41810.0 30
1757926088664 55731.0 40
1757926094542 69646.0 50
1757926100231 83616.0 60
1757926106129 97573.0 70
1757926111968 111488.0 80
1757926117761 125467.0 90
1757926123579 139469.0 100
1757926129346 153371.0 110
1757926134926 167317.0 120
1757926140326 181245.0 130
1757926145992 195187.0 140
1757926151358 209179.0 150
1757926156835 223140.0 160
1757926162196 237066.0 170
1757926167542 251028.0 180
1757926172817 264988.0 190
1757926178262 278933.0 200
1757926183842 292848.0 210
1757926189266 306766.0 220
1757926194716 320717.0 230
1757926200119 334711.0 240
1757926205520 348632.0 250
1757926211123 362610.0 260
1757926216673 376533.0 270
1757926222299 390492.0 280
1757926227666 404422.0 290
1757926233095 418378.0 300
1757926238648 432347.0 310
1757926244356 446340.0 320
1757926250045 460239.0 330
1757926255664 474142.0 340
1757926261403 488083.0 350
1757926267196 502008.0 360
1757926273092 515957.0 370
1757926279430 529914.0 380
1757926284946 543877.0 390
1757926290364 557864.0 400
1757926295780 571765.0 410
1757926301221 585757.0 420
1757926306649 599680.0 430
1757926312202 613712.0 440
1757926317625 627624.0 450
1757926323096 641537.0 460
1757926328647 655440.0 470
1757926334395 669373.0 480
1757926340018 683329.0 490
1757926344868 690320.0 495
